cam0:
  intrinsics: [458.654, 457.296, 367.215, 248.375]  # fx fy cx cy
  distortion: [-0.28340811, 0.07395907, 0.00019359, 1.76187114e-05]  # k1 k2 p1 p2
  resolution: [752, 480]
  rate_hz: 20
  # T_BS (cam0 w.r.t. body)
  T_BS: [0.0148655429818, -0.999880929698, 0.00414029679422, -0.0216401454975,
         0.999557249008,  0.0149672133247, 0.025715529948,  -0.064676986768,
        -0.0257744366974, 0.00375618835797, 0.999660727178,  0.00981073058949,
         0.0, 0.0, 0.0, 1.0]

cam1:
  intrinsics: [457.587, 456.134, 379.999, 255.238]  # fx fy cx cy
  distortion: [-0.28368365, 0.07451284, -0.00010473, -3.55590700e-05]
  resolution: [752, 480]
  rate_hz: 20
  # T_BS (cam1 w.r.t. body)
  T_BS: [0.0125552670891, -0.999755099723, 0.0182237714554, -0.0198435579556,
         0.999598781151,  0.0130119051815, 0.0251588363115,  0.0453689425024,
        -0.0253898008918, 0.0179005838253, 0.999517347078,   0.00786212447038,
         0.0, 0.0, 0.0, 1.0]

# Stereo baseline (norm of translation from cam0 to cam1)
stereo_baseline: 0.11007  # meters

imu:
  gyro_noise: 1.6968e-04       # rad/s/sqrt(Hz)
  gyro_walk:  1.9393e-05       # rad/s^2/sqrt(Hz)
  accel_noise: 2.0000e-03      # m/s^2/sqrt(Hz)
  accel_walk:  3.0000e-03      # m/s^3/sqrt(Hz)
  rate_hz: 200
  # T_BS (imu w.r.t. body) — identity for EuRoC
  T_BS: [1.0, 0.0, 0.0, 0.0,
         0.0, 1.0, 0.0, 0.0,
         0.0, 0.0, 1.0, 0.0,
         0.0, 0.0, 0.0, 1.0]

gravity: [0.0, 0.0, -9.81]
